3,2
3,1
3,3
10,114
10,212
10,262
10,72
10,90
10,172
10,142
10,1
10,96
10,2
10,3
11,10
11,25
11,21
11,5
11,24
11,20
11,1
11,8
11,2
11,3
9,7
9,4
9,1
9,6
9,2
9,3
8,16
8,4
8,17
8,12
8,6
8,1
8,11
8,2
8,3
12,2
12,1
12,3
20,2
20,1
20,3
19,2
19,1
19,3
18,1
18,3
14,1
14,3
13,1
13,3
2,2
2,1
2,3
87,6
87,5
87,4
87,3
87,2
87,1
87,0
86,7
86,6
86,5
86,4
86,3
86,2
86,1
86,0
85,9
85,8
85,7
85,6
85,5
85,4
85,3
85,2
85,1
85,0
84,5
84,4
84,3
84,2
84,1
84,0
83,5
83,4
83,3
83,2
83,1
83,0
0,0
88,34
88,33
88,32
88,31
88,30
88,29
88,28
88,27
88,26
88,25
88,24
